# unix_time, cycles_done, cur_path, paths_total, pending_total, pending_favs, map_size, unique_crashes, unique_hangs, max_depth, execs_per_sec
1507751390, 0, 0, 48, 48, 28, 5.87%, 0, 0, 1, 164.67
1507751395, 0, 0, 64, 64, 28, 5.91%, 0, 0, 2, 264.33
1507751400, 0, 0, 105, 105, 28, 5.92%, 0, 0, 2, 277.82
1507751405, 0, 0, 108, 108, 28, 5.92%, 0, 0, 2, 269.43
1507751411, 0, 0, 111, 111, 28, 5.92%, 0, 0, 2, 239.45
1507751431, 0, 0, 112, 112, 28, 5.92%, 0, 0, 2, 151.05
1507751447, 0, 0, 113, 113, 28, 5.92%, 0, 0, 2, 145.49
1507751630, 0, 0, 128, 128, 28, 5.99%, 0, 0, 2, 168.16
1507751636, 0, 0, 156, 156, 28, 6.06%, 0, 0, 2, 168.57
1507751641, 0, 0, 165, 165, 28, 6.08%, 0, 0, 2, 167.12
1507751646, 0, 0, 167, 167, 28, 6.08%, 0, 0, 2, 164.78
1507751907, 0, 0, 179, 179, 28, 6.13%, 0, 0, 2, 131.90
1507751912, 0, 0, 188, 188, 28, 6.14%, 0, 0, 2, 134.61
1507751917, 0, 0, 193, 193, 28, 6.14%, 0, 0, 2, 139.43
1507752213, 0, 0, 194, 194, 28, 6.14%, 0, 0, 2, 138.79
1507752219, 0, 0, 196, 196, 28, 6.15%, 0, 0, 2, 133.29
1507752229, 0, 0, 197, 197, 28, 6.15%, 0, 0, 2, 133.69
1507752320, 0, 0, 198, 198, 28, 6.15%, 0, 0, 2, 165.95
1507752351, 0, 0, 199, 199, 28, 6.15%, 0, 0, 2, 142.73
1507753813, 0, 0, 200, 200, 28, 6.15%, 0, 0, 2, 190.57
1507753823, 0, 0, 201, 201, 28, 6.15%, 0, 0, 2, 175.39
1507753833, 0, 0, 204, 204, 28, 6.17%, 0, 0, 2, 192.21
1507753838, 0, 0, 208, 208, 28, 6.17%, 0, 0, 2, 190.27
1507753849, 0, 0, 209, 209, 28, 6.18%, 0, 0, 2, 188.96
1507753859, 0, 0, 211, 211, 28, 6.18%, 0, 0, 2, 186.62
1507754397, 0, 0, 213, 213, 28, 6.18%, 0, 0, 2, 191.09
1507754402, 0, 0, 216, 216, 28, 6.18%, 0, 0, 2, 190.31
1507755138, 0, 0, 217, 217, 28, 6.18%, 0, 0, 2, 182.24
1507755143, 0, 0, 219, 219, 28, 6.19%, 0, 0, 2, 182.23
1507756288, 0, 0, 220, 220, 28, 6.19%, 0, 0, 2, 195.47
1507756314, 0, 0, 221, 221, 28, 6.19%, 0, 0, 2, 191.27
1507757619, 0, 0, 222, 222, 28, 6.20%, 0, 0, 2, 174.92
1507757659, 0, 0, 223, 223, 28, 6.20%, 0, 0, 2, 189.26
1507757670, 0, 0, 245, 244, 27, 6.22%, 0, 0, 2, 159.95
1507757675, 0, 0, 304, 303, 27, 6.24%, 0, 0, 2, 118.86
1507757680, 0, 0, 375, 374, 27, 6.32%, 0, 0, 2, 128.11
1507757685, 0, 0, 421, 420, 27, 6.34%, 0, 0, 2, 86.12
1507757690, 0, 0, 460, 459, 27, 6.34%, 0, 0, 2, 70.32
1507757695, 0, 0, 505, 504, 27, 6.34%, 0, 0, 2, 80.88
1507757701, 0, 0, 585, 584, 27, 6.38%, 0, 0, 2, 140.88
1507757706, 0, 0, 674, 673, 27, 6.41%, 0, 0, 2, 155.18
1507757711, 0, 0, 726, 725, 27, 6.42%, 0, 0, 2, 97.08
1507757716, 0, 0, 787, 786, 27, 6.46%, 0, 0, 2, 96.29
1507757721, 0, 0, 841, 840, 27, 6.53%, 0, 0, 2, 100.58
1507757726, 0, 0, 887, 886, 27, 6.55%, 0, 0, 2, 119.81
1507757731, 0, 0, 945, 944, 27, 6.57%, 0, 0, 2, 112.34
1507757736, 0, 0, 1020, 1019, 27, 6.57%, 0, 0, 2, 126.13
1507757741, 0, 0, 1076, 1075, 27, 6.57%, 0, 0, 2, 108.85
1507757746, 0, 0, 1125, 1124, 27, 6.74%, 0, 0, 2, 82.54
1507757751, 0, 0, 1212, 1211, 27, 6.92%, 0, 0, 2, 154.89
1507757757, 0, 0, 1321, 1320, 27, 7.27%, 0, 0, 2, 176.87
1507757762, 0, 0, 1326, 1325, 27, 7.29%, 0, 0, 2, 126.88
1507757772, 0, 0, 1349, 1348, 27, 7.30%, 0, 0, 2, 142.29
1507757782, 0, 0, 1351, 1350, 27, 7.30%, 0, 0, 2, 142.67
1507757797, 0, 0, 1353, 1352, 27, 7.30%, 0, 0, 2, 114.35
1507757808, 0, 24, 1355, 1354, 165, 7.30%, 0, 0, 2, 172.89
1507758351, 0, 24, 1356, 1355, 165, 7.31%, 0, 0, 2, 193.17
1507758705, 0, 24, 1357, 1356, 165, 7.31%, 0, 0, 2, 200.07
1507758720, 0, 24, 1358, 1357, 165, 7.32%, 0, 0, 2, 197.43
1507758981, 0, 29, 1358, 1356, 167, 7.32%, 0, 0, 2, 188.72
1507760570, 0, 29, 1359, 1357, 167, 7.32%, 0, 0, 2, 185.59
1507761542, 0, 29, 1360, 1358, 167, 7.32%, 0, 0, 2, 188.78
1507761829, 0, 31, 1360, 1357, 166, 7.32%, 0, 0, 2, 193.09
1507768553, 0, 33, 1360, 1356, 165, 7.32%, 0, 0, 2, 132.33
1507772025, 0, 33, 1361, 1357, 165, 7.32%, 0, 0, 2, 128.56
1507772219, 0, 33, 1363, 1359, 165, 7.32%, 0, 0, 2, 123.77
1507772255, 0, 33, 1364, 1360, 165, 7.32%, 0, 0, 2, 123.56
1507772276, 0, 33, 1365, 1361, 165, 7.33%, 0, 0, 2, 125.24
1507772704, 0, 34, 1365, 1360, 164, 7.33%, 0, 0, 2, 131.82
1507778408, 0, 34, 1367, 1362, 164, 7.33%, 0, 0, 2, 81.77
1507784196, 0, 34, 1368, 1363, 164, 7.33%, 0, 0, 2, 89.38
1507784211, 0, 34, 1369, 1364, 164, 7.33%, 0, 0, 2, 69.38
1507789941, 0, 34, 1370, 1365, 164, 7.33%, 0, 0, 2, 71.15
1507791377, 0, 34, 1371, 1366, 164, 7.33%, 0, 0, 2, 72.82
1507831191, 0, 34, 1372, 1367, 164, 7.33%, 0, 0, 2, 117.34
1507839294, 0, 34, 1376, 1371, 164, 7.33%, 0, 0, 2, 63.64
1507861736, 0, 34, 1377, 1372, 164, 7.33%, 0, 0, 2, 69.64
1507863095, 0, 34, 1378, 1373, 164, 7.33%, 0, 0, 2, 87.41
1507863126, 0, 34, 1379, 1374, 164, 7.33%, 0, 0, 2, 70.58
1507894148, 0, 34, 1380, 1375, 164, 7.33%, 0, 0, 2, 70.82
1507929413, 0, 34, 1390, 1384, 163, 7.33%, 0, 0, 2, 114.20
1507929418, 0, 34, 1454, 1448, 163, 7.39%, 0, 0, 2, 115.33
1507929423, 0, 34, 1521, 1515, 163, 7.44%, 0, 0, 2, 116.35
1507929428, 0, 34, 1581, 1575, 163, 7.46%, 0, 0, 2, 106.91
1507929433, 0, 34, 1646, 1640, 163, 7.49%, 0, 0, 2, 111.46
1507929438, 0, 34, 1714, 1708, 163, 7.50%, 0, 0, 2, 118.28
1507929444, 0, 34, 1776, 1770, 163, 7.52%, 0, 0, 2, 105.21
1507929449, 0, 34, 1840, 1834, 163, 7.54%, 0, 0, 2, 117.64
1507929454, 0, 34, 1913, 1907, 163, 7.56%, 0, 0, 2, 127.75
1507929459, 0, 34, 1986, 1980, 163, 7.59%, 0, 0, 2, 126.46
1507929464, 0, 34, 2058, 2052, 163, 7.63%, 0, 0, 2, 128.82
1507929469, 0, 34, 2125, 2119, 163, 7.70%, 0, 0, 2, 121.51
1507929475, 0, 34, 2185, 2179, 163, 7.82%, 0, 0, 2, 136.74
1507929480, 0, 34, 2251, 2245, 163, 7.91%, 0, 0, 2, 116.18
1507929485, 0, 34, 2300, 2294, 163, 7.97%, 0, 0, 2, 89.19
1507929490, 0, 34, 2359, 2353, 163, 7.99%, 0, 0, 2, 107.80
1507929495, 0, 34, 2424, 2418, 163, 8.00%, 0, 0, 2, 112.93
1507929500, 0, 34, 2487, 2481, 163, 8.02%, 0, 0, 2, 115.32
1507929505, 0, 34, 2538, 2532, 163, 8.04%, 0, 0, 2, 95.76
1507929510, 0, 34, 2603, 2597, 163, 8.06%, 0, 0, 2, 114.33
1507929515, 0, 34, 2663, 2657, 163, 8.07%, 0, 0, 2, 116.56
1507929566, 0, 44, 2663, 2657, 251, 8.07%, 0, 0, 2, 110.31
1507930675, 0, 49, 2663, 2656, 250, 8.07%, 0, 0, 2, 133.30
1507930711, 0, 50, 2663, 2655, 249, 8.07%, 0, 0, 2, 133.41
1507931716, 0, 52, 2663, 2654, 248, 8.07%, 0, 0, 2, 133.12
1507932686, 0, 54, 2663, 2653, 247, 8.07%, 0, 0, 2, 134.15
1507932722, 0, 57, 2667, 2656, 246, 8.07%, 0, 0, 2, 126.28
1507941666, 0, 69, 2667, 2655, 246, 8.07%, 0, 0, 2, 134.54
1507943130, 0, 129, 2667, 2654, 246, 8.07%, 0, 0, 2, 134.34
1507944250, 0, 133, 2667, 2653, 245, 8.07%, 0, 0, 2, 133.23
1507945363, 0, 141, 2667, 2652, 244, 8.07%, 0, 0, 2, 135.12
1507946526, 0, 141, 2698, 2682, 243, 8.07%, 0, 0, 2, 121.18
1507946531, 0, 151, 2698, 2682, 243, 8.07%, 0, 0, 2, 129.06
1507947769, 0, 213, 2698, 2681, 242, 8.07%, 0, 0, 2, 132.42
1507949051, 0, 218, 2698, 2680, 241, 8.07%, 0, 0, 2, 136.24
1507949087, 0, 224, 2698, 2679, 240, 8.07%, 0, 0, 2, 125.65
1508056029, 0, 269, 2698, 2678, 240, 8.07%, 0, 0, 2, 98.92
1508095414, 0, 269, 2744, 2723, 240, 8.10%, 0, 0, 2, 107.94
1508095420, 0, 269, 2815, 2794, 240, 8.18%, 0, 0, 2, 124.67
1508095425, 0, 269, 2866, 2845, 240, 8.19%, 0, 0, 2, 118.66
1508095435, 0, 274, 2866, 2845, 245, 8.19%, 0, 0, 2, 116.19
1508162630, 0, 302, 2866, 2844, 245, 8.19%, 0, 0, 2, 99.94
1508192080, 0, 315, 2866, 2843, 244, 8.19%, 0, 0, 2, 92.31
1508217674, 0, 348, 2866, 2842, 244, 8.19%, 0, 0, 2, 113.36
1508230681, 0, 366, 2866, 2841, 243, 8.19%, 0, 0, 2, 131.03
1508236777, 0, 366, 2921, 2895, 242, 8.20%, 0, 0, 2, 106.20
1508236782, 0, 379, 2923, 2897, 242, 8.20%, 0, 0, 2, 104.69
1508260181, 0, 492, 2923, 2896, 241, 8.20%, 0, 0, 2, 121.75
1508327058, 0, 559, 2923, 2895, 240, 8.20%, 0, 0, 2, 122.35
1508327734, 0, 560, 2923, 2894, 239, 8.20%, 0, 0, 2, 128.82
1508328185, 0, 566, 2923, 2893, 238, 8.20%, 0, 0, 2, 132.24
1508328891, 0, 566, 2941, 2910, 237, 8.20%, 0, 0, 2, 118.02
1508328896, 0, 566, 3005, 2974, 237, 8.21%, 0, 0, 2, 118.31
1508328901, 0, 566, 3022, 2991, 237, 8.21%, 0, 0, 2, 114.83
1508328906, 0, 568, 3022, 2991, 237, 8.21%, 0, 0, 2, 127.04
1508329511, 0, 574, 3022, 2990, 236, 8.21%, 0, 0, 2, 132.57
1508330169, 0, 599, 3022, 2989, 235, 8.21%, 0, 0, 2, 136.14
1508330745, 0, 600, 3022, 2988, 234, 8.21%, 0, 0, 2, 116.28
1508494949, 0, 628, 3022, 2987, 233, 8.21%, 0, 0, 2, 93.32
1508513640, 0, 628, 3023, 2988, 233, 8.21%, 0, 0, 2, 108.08
1508513651, 0, 628, 3024, 2989, 233, 8.21%, 0, 0, 2, 96.58
